344270
349210
345410
349620
351580
350640
351670
351670
358260
349020
352830
349320
355480
221660
355480
350640
0
337770
307020
352830
359210
352830
349320
348630
351670
352140
351580
345410
344200
344200
359210
353660
344200
698390
350640
353660
359210
476040
345410
221660
344200
355190
476040
476040
352950
337770
350640
353470
221660
355190
344270
359210
355190
400020
350640
337770
359210
355190
337770
349020
349320
352950
358150
0
337770
307020
344270
349620
349620
221660
358260
353470
352830
307020
358260
355480
352950
358150
698390
400020
349320
346010
307020
355190
346010
359210
476040
344200
351580
351580
349210
359210
367490
349620
346010
344270
349210
349020
349320
359210
400020
346010
352950
352140
400020
358260
346010
349620
353660
221660
351670
349020
349320
352830
358150
352830
355480
476040
307020
351670
350640
367490
351670
0
352950
351580
349020
698390
359210
358150
367490
344200
358150
352140
337770
351580
348630
359210
307020
349210
352950
353470
352950
698390
367490
349020
352830
359210
221660
476040
476040
345410
349210
698390
351670
352950
350640
351580
698390
345410
353470
352830
367490
355190
346010
352830
359210
355190
349620
307020
346010
307020
345410
355190
352830
352140
355480
359210
400020
350640
355480
346010
352830
355190
0
349620
349020
355190
352950
358150
0
358150
0
476040
346010
0
351670
349320
698390
698390
346010
349210
345410
353660
355480
355190
367490
367490
359210
355190
352950
351670
344200
349020
337770
353470
351670
0
476040
348630
348630
350640
349210
350640
359210
349320
349620
359210
344270
349210
358260
352950
355480
344200
355480
351580
0
344200
359210
352830
355480
355480
221660
346010
221660
351670
698390
344200
355190
349620
367490
346010
698390
355190
350640
0
349210
351580
698390
307020
355190
353470
351670
346010
355480
349020
358150
349620
349020
221660
351670
355190
698390
344200
358260
698390
353470
476040
353660
353660
352830
349210
348630
698390
476040
351580
349620
307020
346010
350640
351580
352950
351670
351580
352140
350640
349210
351670
346010
359210
0
358150
358150
349020
353660
351670
367490
400020
355480
353660
476040
352140
359210
0
400020
359210
476040
352950
355190
344200
358260
0
345410
0
349020
344270
221660
351580
355480
351580
367490
352830
358260
0
350640
349620
349620
0
351580
352830
352950
349020
400020
698390
698390
348630
353470
349210
367490
348630
350640
355190
476040
351670
359210
345410
355190
350640
352830
350640
367490
0
351670
351670
352950
355190
344270
344270
349020
349210
359210
352830
351670
346010
353470
351580
353470
344270
358150
367490
221660
349210
355190
350640
346010
351580
355190
353660
698390
698390
355190
358260
349020
344270
346010
352950
349320
346010
352830
359210
352140
359210
349320
346010
349210
346010
355480
355190
346010
349020
350640
307020
355480
346010
353470
359210
337770
358260
349020
355480
355190
353470
307020
358150
351580
353470
344270
355190
350640
698390
359210
358150
307020
350640
345410
349320
367490
345410
351580
400020
0
344200
0
349020
355480
352830
698390
0
353470
345410
400020
307020
353470
698390
349020
348630
352830
307020
221660
352140
353470
351670
358260
355190
359210
353660
349210
346010
698390
352140
698390
476040
367490
351580
351670
352830
348630
349620
344200
367490
352950
351670
355190
344270
348630
349020
351670
348630
355190
0
307020
353470
352950
349620
353470
345410
400020
349620
349020
352950
344200
358150
351580
349620
351580
353470
352140
353470
355190
349320
351580
358260
349620
353470
0
358150
349320
344270
400020
353660
400020
346010
351580
367490
352140
344200
476040
351580
349620
353470
367490
698390
351580
350640
358150
350640
476040
307020
355480
355190
352950
0
358260
352140
351670
345410
349620
352950
221660
351580
367490
337770
349620
345410
346010
350640
367490
476040
307020
352830
351580
353470
355190
307020
353470
351580
349620
353470
352140
355190
358260
351580
358260
352830
221660
358260
349320
0
476040
349320
221660
344200
307020
698390
337770
307020
221660
349320
352830
221660
352830
351670
350640
352140
346010
344270
337770
351580
351580
344270
349020
400020
348630
476040
351670
349320
349620
352950
307020
0
221660
352140
476040
349020
344200
367490
337770
353470
307020
346010
351580
346010
351670
358260
352950
350640
352830
367490
345410
0
400020
346010
358150
476040
349320
698390
476040
346010
355190
400020
476040
367490
0
0
349620
344270
307020
353660
358260
344200
358260
352830
349210
350640
358260
350640
337770
355480
346010
350640
476040
337770
348630
348630
352140
698390
344200
352140
352830
350640
355190
349020
476040
307020
349210
400020
698390
352830
221660
349620
349020
344200
221660
348630
344270
350640
349620
400020
349210
352140
349020
400020
345410
349020
352140
344270
352950
355480
350640
348630
349620
353470
0
351670
221660
344270
349320
337770
349020
350640
344270
352830
400020
221660
353470
352830
0
353660
698390
352950
344270
337770
346010
353660
367490
349320
307020
307020
352140
349620
352950
355480
367490
400020
0
346010
350640
355190
337770
349320
346010
400020
351580
358260
698390
0
350640
352830
355480
352140
359210
353470
348630
345410
346010
355190
698390
358150
355480
344270
0
349210
400020
352830
358150
400020
358260
352140
359210
349620
355190
349620
353470
351670
698390
349620
352950
0
351670
358260
344270
351670
349320
349320
359210
698390
476040
0
345410
355190
350640
359210
400020
352830
348630
0
353470
344200
349320
344200
355480
349210
349210
349020
353660
345410
345410
350640
349620
358260
358260
476040
353660
352950
349620
345410
352140
367490
353660
344200
358150
346010
353660
345410
359210
353660
367490
352830
367490
345410
367490
698390
344270
221660
346010
476040
351580
367490
345410
352830
349210
221660
353660
346010
351670
698390
344200
359210
476040
359210
698390
337770
349210
221660
352830
400020
307020
359210
307020
349210
346010
353660
367490
349620
349320
344270
359210
345410
353660
348630
349210
698390
345410
400020
352140
346010
355190
351670
353660
349320
349320
221660
350640
476040
344270
346010
344200
0
359210
351580
307020
345410
344200
351580
476040
367490
352950
353660
358150
221660
353660
0
352140
349020
221660
358150
698390
351580
307020
344200
349210
358260
344200
352830
358150
355480
0
350640
346010
352950
350640
221660
221660
349320
352830
358260
350640
345410
352830
359210
349210
350640
307020
351670
358260
355480
353470
353470
400020
344200
349620
367490
352830
400020
352140
353470
358260
352830
346010
344270
355480
358260
358260
358260
355480
400020
337770
0
344200
352830
359210
352950
352140
349620
351580
348630
349620
355480
221660
353660
349620
358260
358260
353470
358260
346010
351580
358150
355190
337770
352950
358150
344200
337770
345410
337770
345410
349320
0
344270
352140
345410
358150
400020
349020
352950
476040
345410
367490
350640
