101320
92730
91020
97010
75640
102520
88140
88310
101520
97990
86640
71220
91100
113950
87990
90900
98160
87260
95190
99970
94980
83040
89270
99030
91990
88460
93070
94100
81950
116950
119150
100840
106020
97010
87890
68270
108570
98180
80190
72740
85710
95540
85890
103450
105670
101430
112050
119390
81520
80810
97540
95280
112210
102870
111410
94600
106780
123440
86220
71320
87500
109940
103820
93230
103140
97580
81480
105420
86500
116450
88780
105550
99290
113590
88450
103600
105080
91360
100370
95920
107550
94870
88720
78790
118410
101020
103770
87670
87810
110270
96050
87310
95830
101540
96480
100020
96960
95710
89210
108730
94590
78650
106770
105990
88260
71270
92750
103410
94730
117430
101700
74310
111180
81470
97120
108320
108250
107240
118810
108280
96890
99720
117060
97860
86580
91330
102950
106160
97010
115170
100020
108130
102730
93610
89690
84860
103050
108000
102700
89100
113910
100610
112160
105680
107920
96510
97990
102870
86410
90490
108480
88670
91170
71880
69760
96900
89880
72130
96820
72800
82750
103270
87790
99110
119860
90910
107180
69950
111560
93200
75340
100380
112250
106690
89000
99160
84690
99370
97270
105270
114170
108350
93130
86010
109660
106470
90840
118610
80250
86950
94690
92420
96130
108080
109840
82060
105020
94080
101830
107420
104210
90180
96210
116630
105210
102090
101450
109240
98470
115810
95930
103700
87160
87940
99610
78300
121060
90050
100770
117940
106960
106510
102420
101720
99230
72760
121520
87050
97270
83940
97510
92990
99970
79070
99390
108950
125210
108050
90360
96480
103630
100800
95120
104790
88220
80800
97980
95420
88660
98850
95230
89270
117620
87500
73350
89410
81470
84690
102640
96070
106580
97860
103820
102160
101750
94700
94800
70900
83740
109730
101410
73410
108460
99910
87030
99560
86470
79190
113760
99550
89300
99030
87100
94820
117910
101090
99610
67690
108340
109290
103130
86150
104810
95030
88160
86680
73910
112250
76010
106300
64300
92530
105080
113940
97570
81850
81860
82540
106850
81930
96080
101420
94960
110970
83710
80400
99480
93060
110230
118780
104380
83040
111610
115150
101830
93750
89630
79650
104290
85120
105590
111990
69920
83340
126260
100230
93150
74080
100470
99480
110620
114150
108300
96550
81260
98460
105310
113610
106900
100500
70990
80710
83820
113840
99860
102880
107710
90300
99060
85580
100850
98260
91460
100750
93300
106160
74990
101890
109080
83440
92180
102440
97650
92210
107090
93450
85780
112770
76380
90020
95510
106850
82830
107930
94780
89310
108840
109080
100990
106850
87990
112480
75540
113480
105460
76920
71160
92210
81840
84660
83380
120840
84530
83240
100470
79440
101870
89790
94100
84780
94570
106020
101270
80830
103980
92280
93830
73860
73550
116300
103130
75380
81110
98560
117840
78650
101020
89110
75580
114020
107020
92220
100860
100270
99740
109780
86320
91130
103840
85970
89160
82850
85810
106450
69500
73750
107090
106640
94290
82610
98590
84930
105000
85530
105360
80530
116020
96890
106150
105900
105310
87690
99720
118630
86150
102020
108170
89250
115970
85200
90400
106110
101720
60430
95760
86660
107770
91280
98350
81030
108380
103090
101330
105630
98710
106470
94620
98980
99210
106430
83940
103980
85650
104230
89450
102770
82830
112830
84750
84880
98640
88560
117620
104040
79810
97230
107740
130560
92420
99460
85670
79240
72740
107660
84730
99240
97160
101040
107370
116750
106280
108460
86070
81990
129720
106420
88120
90590
110640
91620
101480
89070
100600
116010
103930
93930
104890
110150
88150
75640
102700
91630
88860
86030
97000
75010
87190
104840
93910
118980
111730
96050
113180
99160
121080
74650
111850
95420
76260
117660
96710
85830
108820
76000
106890
91960
93290
116070
92810
108030
116870
93910
84600
88350
84110
70630
106830
95650
109470
106150
89610
108350
104870
78750
84230
80700
92610
111300
109860
78990
90310
114080
107290
97410
90760
92100
88720
92440
107630
112750
113200
99680
93210
94630
119970
91930
113980
91780
107270
93780
107920
84200
105420
97460
114450
105550
82940
92620
91510
93970
90860
82100
117210
78730
98870
72240
71860
100400
78130
53490
96210
106930
92130
74640
126580
68960
92430
89070
97320
97250
94540
94170
65950
91130
103950
109780
86310
108720
82620
86240
97960
110780
99630
78230
86410
75200
103750
98960
88920
93910
101000
85510
102040
93440
106780
110960
126580
103430
104160
101860
115220
102990
99200
91780
66980
81380
91500
102940
105040
97340
103840
105900
87680
89000
96980
111670
82160
106510
126440
121060
121230
94210
101870
110780
98010
76280
90960
82580
97580
88090
112410
86620
97000
100740
87200
97570
100190
103510
108270
95420
84040
76930
110180
112020
109150
107740
96750
92040
103430
99680
96320
100400
109640
115980
84230
110270
90880
98650
91920
114050
102220
86230
91440
95480
78520
70630
102790
95240
79500
108260
109290
108880
113460
61800
113300
100380
103930
99030
87930
89860
110220
95620
101980
96010
91080
84730
102350
108050
97190
119860
93130
91650
103480
100910
90140
112390
91460
92770
81390
110470
87940
81900
101040
110180
101150
103370
90660
90550
89130
87150
97010
87610
81010
74900
86310
88640
90250
99050
87930
104980
84160
114760
90330
94590
110520
100020
130050
98760
93790
85440
93200
88880
102370
85120
111410
66220
84700
104930
90270
82630
86950
93840
80400
110630
79860
107320
83050
89230
62760
108050
93670
103750
98370
107140
85630
94220
109060
86660
83370
89420
85240
98360
103290
80080
102950
97020
91240
103990
79910
79470
96610
83610
87440
84530
101270
106940
117540
101780
96610
114320
112650
101750
103550
96210
98680
87330
93670
102160
124290
111590
96520
121820
87780
97450
91570
109760
117680
82220
116100
111780
88690
104030
99210
111670
113680
96790
96790
81700
103560
101870
93210
83760
98360
123090
120570
100120
63060
112150
98680
104940
109530
110610
117270
104890
106170
101230
86490
87340
114150
92660
103530
97630
112380
84340
92290
107670
93890
96420
108480
97340
97660
115460
96760
87020
113440
107700
113800
97280
99770
90820
94580
99490
95880
91280
111490
96180
94290
102260
95290
90380
88280
79060
98690
69980
90000
83940
90310
90490
77690
110170
108280
95720
95570
81920
70900
92020
108280
75780
110480
105910
107210
82180
99540
111420
85140
92990
105910
75070
90380
102950
100440
90450
98350
92370
87570
96820
83040
93900
96600
106980
98020
80010
82220
88400
98850
106710
100150
109880
94860
112560
94160
98560
96960
97290
102950
107950
104840
99550
92460
95930
78800
81730
102800
110710
112210
106000
95550
95740
112520
88080
