107800
94700
94220
99910
107630
98850
81150
117540
82610
97040
87840
104050
96330
96930
95700
107400
126960
112690
113630
98770
103530
115100
101150
118150
117760
112070
125660
76650
94320
107270
106220
83850
83230
99870
119280
122510
94970
112110
113490
126370
93590
96180
97810
97600
79300
87190
88130
91820
109760
96640
102760
102640
108480
92290
128320
109800
98760
108390
104550
107640
97460
87550
99320
84780
94380
108120
94210
96750
124540
85050
117940
96000
102150
117960
91360
114110
92530
118120
102540
85710
83100
113370
104440
108160
120060
116830
67970
105650
92930
111150
109620
113180
85020
136840
118400
114270
101350
79080
97350
91590
96500
100930
78830
98120
85160
101530
107870
105190
103250
105780
96690
94720
95990
86530
116190
101540
111100
91980
105960
105020
102320
86150
106580
91270
140030
82120
92290
125370
105630
87430
93120
78450
93200
91160
108940
95520
104900
111460
85810
109950
105470
98460
100670
105600
115470
121190
99710
105850
102530
86060
101100
111810
93320
106560
113180
106220
109880
92290
81010
77140
126920
98350
85370
113360
94530
101920
105650
88260
67210
108050
95600
98640
87240
112280
77420
91490
97980
101060
77530
109220
122600
95490
99580
121170
82890
97540
91150
117270
119030
105980
108670
102410
113160
91440
97590
112720
96370
109120
98070
96650
110240
99720
106640
116910
104700
84010
81770
78820
111530
123080
102490
114190
95650
127600
125370
102000
113780
109910
79770
111750
101240
113630
89850
109400
94410
110640
85520
100450
110090
94220
116310
93850
98400
84230
99820
98000
88390
83240
102670
105440
115970
81150
104350
74270
78310
135490
82410
71830
95630
68590
129230
82380
100500
96980
102490
110890
113880
95250
117920
66940
103540
121270
76190
120990
107980
97750
96010
100030
85860
93600
127070
99160
86360
120930
96790
99460
92110
111790
82950
71710
111510
76110
83170
104590
85500
106490
100600
86840
127500
74860
113420
85810
93770
90280
79500
87840
103260
92410
93610
92200
110090
96330
94720
96700
115630
127490
115440
114950
104070
80530
108730
118050
82400
106040
121430
100450
103820
108070
110390
103120
97090
98460
91890
111100
100490
81620
65390
98730
100280
81540
110980
108180
105560
106230
103500
100710
72740
96570
103120
127520
123150
79810
111830
71170
112920
109530
106320
117380
109420
117890
98870
85000
137330
85950
89030
106540
101640
92320
124420
94980
89050
111100
86440
89020
79450
118110
102950
97470
92680
114750
114230
125780
97720
125410
101040
67510
86350
120780
118030
112280
94310
58420
119000
111640
88510
76260
91760
110220
104050
95880
96410
131250
85790
107630
120190
125210
123220
105380
96040
96740
102690
95640
121320
97390
98030
116690
89790
85570
93930
99300
108990
100200
111900
93710
112400
88850
78450
93060
101230
99260
85150
105560
109260
112390
96020
90890
112880
101430
99420
70820
84990
117450
85150
110780
98290
69190
123160
102950
92560
121720
103710
109350
81530
84480
85170
84600
108950
95610
95570
93640
90400
115780
109180
77920
97830
96140
117600
102530
111100
108400
96320
92780
120260
93920
98800
104200
123320
111300
108080
116790
100480
92290
102060
136070
126970
107060
84230
96650
115360
86240
128710
126910
100970
119110
95010
104810
109200
93000
98500
105380
102490
85500
102260
93720
70090
103510
107520
88400
90530
75690
114350
118250
94780
86060
80180
88910
104610
115120
83490
107440
96800
105280
95680
103530
87930
98400
113070
103450
106990
109990
105300
116340
100960
102530
126460
95160
108240
134900
111370
123110
100620
112570
123520
118340
92540
151900
103320
96980
85630
98680
85520
84560
103070
96140
98010
108280
122710
106110
109930
95780
100210
89820
100670
113000
96980
101350
79310
96650
109310
116060
66940
95880
97550
117850
121390
82730
122310
106280
96540
88220
79230
107620
128870
92980
77370
107480
96430
85970
87890
100620
105020
84730
128060
106330
119030
94540
105970
113000
103350
102010
117960
93230
118310
118340
96520
99770
90160
90810
109450
115520
72490
109570
133160
111300
120610
91090
96600
104460
117940
108000
119610
92320
89620
105830
114600
90510
88980
108290
81990
90680
89650
111050
107680
100710
117250
99310
121780
107510
110590
77170
90890
88170
102410
107640
107460
119100
90550
92090
92830
84870
76460
77010
112100
105830
100300
77340
112760
83320
107460
117750
106060
101390
121160
88430
109370
83310
86210
116530
108880
104290
114480
114820
100540
105660
84600
100930
90250
109710
87280
111440
126130
131660
109310
108240
107140
104120
95800
83720
86800
101860
104050
101120
108550
74610
123230
131150
86390
79310
92000
116500
80270
91780
87480
89270
101380
131270
86390
105420
128730
117240
122840
116300
98300
83830
118780
93680
83700
98110
119330
102850
90950
103730
98170
128070
116400
77530
108800
88530
90410
112020
96600
86670
86200
88810
92330
116420
113630
93420
126860
99550
115190
98890
86730
101660
96960
70400
99810
84230
82690
92850
121990
92570
88200
64940
102920
62460
101830
74770
82730
97460
126990
106790
118130
131260
107560
91480
86460
123420
80130
104520
104040
102820
102050
73440
72740
76660
106450
99230
108040
77070
114750
102930
121240
91320
108660
109310
83300
99390
105390
98380
75730
73510
96600
112100
100870
78460
91420
127330
100690
80210
84440
109700
87060
120060
116760
112060
88490
88680
106500
102030
118790
87000
94920
110780
122090
93570
98280
99100
99320
103650
83460
106850
111270
104750
90890
79400
87320
89820
98750
74730
122210
88300
100740
92790
112840
68480
116950
96980
65720
113670
98700
87270
111470
134860
101930
77400
91210
89660
119540
86770
105750
106860
97480
91440
106390
115810
101590
103350
101780
78430
74810
91230
97220
87940
116070
115630
100440
94130
116510
82310
114630
107310
90100
99870
99600
115790
115760
97220
106700
80730
115650
96810
100820
113450
87470
104070
80260
96600
114260
112930
109660
108920
90930
138070
106830
77170
95970
94910
96630
126240
102010
118140
93530
102440
98190
114070
92470
79530
67080
96230
80520
107230
118210
97390
116950
84330
94940
79150
88430
123680
68420
102490
113380
113950
114480
105650
89630
106660
99400
96730
116700
112750
106190
98300
92260
97360
84600
111450
130160
107700
85850
123610
92750
106070
101940
93560
116850
117580
105890
94480
98770
92030
96750
93550
88770
112470
121920
79850
98140
111250
92750
88760
108950
87660
100080
118620
85020
105210
99800
142720
118910
104050
97750
102430
100300
100150
107230
105150
133680
115340
99720
82410
84230
122400
131150
88190
107130
114080
87810
103240
102390
88930
97440
114510
107260
98730
82310
107850
90320
125790
95340
92710
87580
72490
97640
78910
88550
96720
104760
101690
